Year,USD,Yearly Sightings
1949.0,13503.0,19.0
1950.0,14307.0,28.0
1951.0,33059.0,20.0
1952.0,47598.0,46.0
1953.0,49377.0,29.0
1954.0,42786.0,52.0
1955.0,40371.0,28.0
1956.0,41513.0,41.0
1957.0,44159.0,69.0
1958.0,45096.0,49.0
1959.0,45833.0,53.0
1960.0,45380.0,60.0
1961.0,47808.0,48.0
1962.0,52381.0,66.0
1963.0,52295.0,79.0
1964.0,51213.0,99.0
1965.0,51827.0,184.0
1966.0,63572.0,190.0
1967.0,75448.0,184.0
1968.0,80732.0,209.0
1969.0,81443.0,150.0
1970.0,79846.0,129.0
1971.0,74862.0,113.0
1972.0,77639.0,150.0
1973.0,78358.0,207.0
1974.0,85906.0,250.0
1975.0,88400.0,294.0
1976.0,91013.0,266.0
1977.0,100925.0,241.0
1978.0,109247.0,310.0
1979.0,122279.0,230.0
1980.0,138191.0,235.0
1981.0,169888.0,166.0
1982.0,213626.0,178.0
1983.0,213626.0,139.0
1984.0,231459.0,166.0
1985.0,258165.0,203.0
1986.0,281105.0,174.0
1987.0,288157.0,199.0
1988.0,293093.0,219.0
1989.0,304085.0,235.0
1990.0,306170.0,231.0
1991.0,280292.0,214.0
1992.0,305141.0,231.0
1993.0,297637.0,277.0
1994.0,288059.0,386.0
1995.0,278856.0,494.0
1996.0,271417.0,523.0
1997.0,276324.0,1165.0
1998.0,274278.0,1683.0
1999.0,280969.0,2631.0
2000.0,301697.0,2541.0
2001.0,312743.0,2817.0
2002.0,356720.0,2794.0
2003.0,415223.0,3375.0
2004.0,464676.0,3715.0
2005.0,503353.0,3661.0
2006.0,527660.0,3320.0
2007.0,556961.0,3943.0
2008.0,621131.0,4490.0
2009.0,668567.0,4092.0
2010.0,698180.0,4045.0
2011.0,711338.0,4963.0
2012.0,684780.0,7080.0
2013.0,640221.0,6795.0
