Year,USD,Yearly Sightings,Yearly SightingsPerUSD,Year
1949.0,13503.0,19.0,14.070947196919203,1949.0
1950.0,14307.0,28.0,19.57083944922066,1950.0
1951.0,33059.0,20.0,6.049789769805499,1951.0
1952.0,47598.0,46.0,9.664271608050758,1952.0
1953.0,49377.0,29.0,5.87317982056423,1953.0
1954.0,42786.0,52.0,12.153508156873745,1954.0
1955.0,40371.0,28.0,6.935671645488098,1955.0
1956.0,41513.0,41.0,9.876424252643751,1956.0
1957.0,44159.0,69.0,15.625353835005322,1957.0
1958.0,45096.0,49.0,10.865708710306901,1958.0
1959.0,45833.0,53.0,11.563720463421554,1959.0
1960.0,45380.0,60.0,13.221683561040106,1960.0
1961.0,47808.0,48.0,10.04016064257028,1961.0
1962.0,52381.0,66.0,12.599988545464958,1962.0
1963.0,52295.0,79.0,15.10660675016732,1963.0
1964.0,51213.0,99.0,19.331029230859354,1964.0
1965.0,51827.0,184.0,35.50273023713508,1965.0
1966.0,63572.0,190.0,29.88737179890518,1966.0
1967.0,75448.0,184.0,24.3876577245255,1967.0
1968.0,80732.0,209.0,25.88812366843383,1968.0
1969.0,81443.0,150.0,18.417789128593004,1969.0
1970.0,79846.0,129.0,16.15610049344989,1970.0
1971.0,74862.0,113.0,15.094440437070876,1971.0
1972.0,77639.0,150.0,19.320187019410348,1972.0
1973.0,78358.0,207.0,26.417213303045,1973.0
1974.0,85906.0,250.0,29.101576141363815,1974.0
1975.0,88400.0,294.0,33.2579185520362,1975.0
1976.0,91013.0,266.0,29.226594003054508,1976.0
1977.0,100925.0,241.0,23.879118157047312,1977.0
1978.0,109247.0,310.0,28.376065246642927,1978.0
1979.0,122279.0,230.0,18.809443976480015,1979.0
1980.0,138191.0,235.0,17.00544898003488,1980.0
1981.0,169888.0,166.0,9.771143341495574,1981.0
1982.0,213626.0,178.0,8.33231909973505,1982.0
1983.0,213626.0,139.0,6.506698622826809,1983.0
1984.0,231459.0,166.0,7.171896534591439,1984.0
1985.0,258165.0,203.0,7.863188271066954,1985.0
1986.0,281105.0,174.0,6.189857882285979,1986.0
1987.0,288157.0,199.0,6.9059575162151186,1987.0
1988.0,293093.0,219.0,7.472031061813145,1988.0
1989.0,304085.0,235.0,7.728102339806304,1989.0
1990.0,306170.0,231.0,7.54482803671163,1990.0
1991.0,280292.0,214.0,7.634895038031767,1991.0
1992.0,305141.0,231.0,7.5702707928465856,1992.0
1993.0,297637.0,277.0,9.306638623558227,1993.0
1994.0,288059.0,386.0,13.40003263220382,1994.0
1995.0,278856.0,494.0,17.715236537854665,1995.0
1996.0,271417.0,523.0,19.26924253086579,1996.0
1997.0,276324.0,1165.0,42.16065198824568,1997.0
1998.0,274278.0,1683.0,61.36110078095947,1998.0
1999.0,280969.0,2631.0,93.64022365456687,1999.0
2000.0,301697.0,2541.0,84.22357530900207,2000.0
2001.0,312743.0,2817.0,90.07395848987828,2001.0
2002.0,356720.0,2794.0,78.3247364880018,2002.0
2003.0,415223.0,3375.0,81.28162457281991,2003.0
2004.0,464676.0,3715.0,79.94817894619047,2004.0
2005.0,503353.0,3661.0,72.73225748133021,2005.0
2006.0,527660.0,3320.0,62.919304097335406,2006.0
2007.0,556961.0,3943.0,70.79490305425335,2007.0
2008.0,621131.0,4490.0,72.28748846861612,2008.0
2009.0,668567.0,4092.0,61.20553362639795,2009.0
2010.0,698180.0,4045.0,57.93634879257498,2010.0
2011.0,711338.0,4963.0,69.76992653281562,2011.0
2012.0,684780.0,7080.0,103.39087006045737,2012.0
2013.0,640221.0,6795.0,106.13522518005502,2013.0
