Year,SightingPerPerson,MoviesPerPerson
1970,0.0063235087983659274,0.002696069642714155
1971,0.005463451381369861,0.002562503745244271
1972,0.007167222696618038,0.003392485409732538
1973,0.009793706084720298,0.003548444233594311
1974,0.011718167167660498,0.0033279594756155813
1975,0.013644748321549762,0.0032023388917922914
1976,0.012226252370881766,0.002436057803220803
1977,0.010966396390499362,0.0040043273127134595
1978,0.013957837039361943,0.004277401673352854
1979,0.010241788955185325,0.0041857746164670456
1980,0.010342184645852725,0.0038728180801491053
1981,0.0072341995581316045,0.003704258809886665
1982,0.007683525230383166,0.00371226499894917
1983,0.00594545825652482,0.004662265827059032
1984,0.007039124467253299,0.005003714982746322
1985,0.008532145923131366,0.004959572507041879
1986,0.00724598931472268,0.005705175494925327
1987,0.008213331232921766,0.005860769020476838
1988,0.008957097857103908,0.005766898620327174
1989,0.009521142484914225,0.005104952991911457
1990,0.009253961859431645,0.004727132032090625
1991,0.008459135267427122,0.0049015550147708566
1992,0.009005348568896515,0.004171308644467217
1993,0.010657183163829746,0.004385988738904661
1994,0.01466978795669012,0.005130625321640326
1995,0.01855201221677795,0.006046303576723178
1996,0.019413923422369275,0.006570295307379276
1997,0.042729255061284846,0.007078752126032597
1998,0.06101051155650017,0.006887698868529431
1999,0.09428750057231904,0.007669146758827927
2000,0.09005451828238027,0.007796927989816475
2001,0.09885287328930269,0.00856233620255231
2002,0.09714030856817192,0.009491519054799905
2003,0.11633601208692214,0.010237569063649149
2004,0.12687611957075995,0.012875450088338224
2005,0.12388475004072444,0.013332584407551333
2006,0.11126754404297834,0.015181987184177466
2007,0.13089613255110052,0.017328881864487566
2008,0.14765172946575336,0.0220326634169387
2009,0.1333891711965226,0.03351028054497196
2010,0.1307581725094283,0.04477133966021217
2011,0.15928362409906865,0.05221729929663201
2012,0.22556844802073803,0.062349922708557104
2013,0.21494400895199567,0.07202759505278795
