Year,Movies,Yearly Sightings
1930,4,2.0
1931,5,2.0
1933,13,1.0
1934,8,1.0
1936,13,2.0
1937,9,1.0
1939,9,3.0
1941,9,2.0
1942,15,3.0
1943,8,5.0
1944,13,8.0
1945,5,9.0
1946,5,7.0
1947,5,34.0
1948,5,9.0
1949,12,19.0
1950,10,28.0
1951,25,20.0
1952,18,46.0
1953,33,29.0
1954,33,52.0
1955,25,28.0
1956,43,41.0
1957,57,69.0
1958,62,49.0
1959,58,53.0
1960,38,60.0
1961,38,48.0
1962,49,66.0
1963,57,79.0
1964,43,99.0
1965,69,184.0
1966,85,190.0
1967,87,184.0
1968,57,209.0
1969,70,150.0
1970,55,129.0
1971,53,113.0
1972,71,150.0
1973,75,207.0
1974,71,250.0
1975,69,294.0
1976,53,266.0
1977,88,241.0
1978,95,310.0
1979,94,230.0
1980,88,235.0
1981,85,166.0
1982,86,178.0
1983,109,139.0
1984,118,166.0
1985,118,203.0
1986,137,174.0
1987,142,199.0
1988,141,219.0
1989,126,235.0
1990,118,231.0
1991,124,214.0
1992,107,231.0
1993,114,277.0
1994,135,386.0
1995,161,494.0
1996,177,523.0
1997,193,1165.0
1998,190,1683.0
1999,214,2631.0
2000,220,2541.0
2001,244,2817.0
2002,273,2794.0
2003,297,3375.0
2004,377,3715.0
2005,394,3661.0
2006,453,3320.0
2007,522,3943.0
2008,670,4490.0
2009,1028,4092.0
2010,1385,4045.0
2011,1627,4963.0
2012,1957,7080.0
2013,2277,6795.0
2014,2432,6825.0
