Year,Movies
1895,1
1898,1
1901,1
1902,1
1904,1
1905,1
1906,1
1907,1
1908,4
1909,2
1910,3
1911,4
1912,4
1913,1
1914,4
1915,6
1916,9
1917,2
1918,5
1919,2
1920,7
1921,6
1922,4
1923,2
1924,6
1925,6
1926,1
1927,3
1928,2
1929,4
1930,4
1931,5
1932,9
1933,13
1934,8
1935,17
1936,13
1937,9
1938,9
1939,9
1940,14
1941,9
1942,15
1943,8
1944,13
1945,5
1946,5
1947,5
1948,5
1949,12
1950,10
1951,25
1952,18
1953,33
1954,33
1955,25
1956,43
1957,57
1958,62
1959,58
1960,38
1961,38
1962,49
1963,57
1964,43
1965,69
1966,85
1967,87
1968,57
1969,70
1970,55
1971,53
1972,71
1973,75
1974,71
1975,69
1976,53
1977,88
1978,95
1979,94
1980,88
1981,85
1982,86
1983,109
1984,118
1985,118
1986,137
1987,142
1988,141
1989,126
1990,118
1991,124
1992,107
1993,114
1994,135
1995,161
1996,177
1997,193
1998,190
1999,214
2000,220
2001,244
2002,273
2003,297
2004,377
2005,394
2006,453
2007,522
2008,670
2009,1028
2010,1385
2011,1627
2012,1957
2013,2277
2014,2432
2015,552
2016,141
2017,45
2018,19
2019,6
2020,3
2021,2
