Year,Population,Yearly Sightings
1970,204.000665,129
1971,206.828966,113
1972,209.286088,150
1973,211.360233,207
1974,213.343944,250
1975,215.467514,294
1976,217.564624,266
1977,219.762255,241
1978,222.097449,310
1979,224.570142,230
1980,227.224719,235
1981,229.465608,166
1982,231.664496,178
1983,233.791903,139
1984,235.824783,166
1985,237.923732,203
1986,240.132841,174
1987,242.289023,199
1988,244.498836,219
1989,246.819119,235
1990,249.622814,231
1991,252.980941,214
1992,256.514224,231
1993,259.918588,277
1994,263.125821,386
1995,266.278393,494
1996,269.394284,523
1997,272.646925,1165
1998,275.854104,1683
1999,279.040168,2631
2000,282.162411,2541
2001,284.968955,2817
2002,287.625193,2794
2003,290.107933,3375
2004,292.805298,3715
2005,295.516599,3661
2006,298.379912,3320
2007,301.231207,3943
2008,304.093966,4490
2009,306.771529,4092
2010,309.349689,4045
2011,311.582564,4963
2012,313.873685,7080
2013,316.128839,6795
