State,Population,Posted,SightingPerPerson
AL,4833722,811,1.677796116532974
AK,735132,393,5.345978681379671
AZ,6626624,2992,4.515119614452246
AR,2959373,734,2.480255108092153
CA,38332521,10537,2.748840860218925
CO,5268367,1735,3.293240580999767
CT,3596080,1097,3.0505439256078843
DE,925749,222,2.398058220964862
DC,646449,115,1.778949306132425
FL,19552860,4767,2.4380065115793803
GA,9992167,1579,1.5802378002689508
HI,1404054,412,2.9343600744700704
ID,1612136,641,3.976091347132004
IL,12882135,2921,2.267481283187919
IN,6570902,1595,2.4273684191302807
IA,3090416,796,2.575705018353516
KS,2893957,728,2.515586789990314
KY,4395295,1033,2.350240427548094
LA,4625470,706,1.5263313782167
ME,1328302,698,5.254829097599792
MD,5928814,1043,1.7592051293901276
MA,6692824,1577,2.3562549978902774
MI,9895622,2297,2.321228519035994
MN,5420380,1208,2.2286260372888984
MS,2991207,479,1.60136025356988
MO,6044171,1785,2.9532586023790524
MT,1015165,573,5.644402634054562
NE,1868516,459,2.4564948868513836
NV,2790136,1008,3.61272712154533
NH,1323459,632,4.7753651605376515
NJ,8899339,1713,1.9248620599799602
NM,2085287,924,4.431044743481353
NY,19651127,3658,1.861470845921458
NC,9848060,2173,2.2065259553658283
ND,723393,152,2.1012091629307994
OH,11570808,2794,2.4146974005618276
OK,3850568,880,2.2853771183887677
OR,3930065,2033,5.172942432249848
PA,12773801,2978,2.3313342676936957
RI,1051511,326,3.100300424817239
SC,4774839,1331,2.787528542847204
SD,844877,224,2.651273498982692
TN,6495978,1354,2.0843666650348878
TX,26448193,4174,1.578179651063496
UT,2900872,812,2.79915832204937
VT,626630,349,5.569474809696312
VA,8260405,1567,1.8970014182113348
WA,6971406,4467,6.407602713139932
WV,1854304,564,3.041572471396276
WI,5742713,1483,2.5824031254913833
WY,582658,232,3.981752588997319
